# PSIBLAST 2.17.0+
# Iteration: 1
# Query: P30314.2 RecName: Full=DNA polymerase [Bacillus phage SPO1]
# Database: /home/VMAULES/ruizven2/bioinfo/practicas/data/swissprot
# Fields: query acc.ver, subject acc.ver, % identity, alignment length, mismatches, gap opens, q. start, q. end, s. start, s. end, evalue, bit score
# 63 hits found
P30314.2	P30314.2	100.000	924	0	0	1	924	1	924	0.0	1899
P30314.2	Q9HT80.1	29.238	643	370	15	238	870	345	912	6.03e-70	253
P30314.2	P00582.1	29.606	635	365	12	243	870	368	927	3.14e-67	245
P30314.2	Q9F173.2	28.976	635	369	12	243	870	368	927	5.35e-66	242
P30314.2	P43741.1	27.543	639	371	13	243	870	372	929	2.08e-59	223
P30314.2	P30313.1	29.747	474	262	9	401	872	427	831	1.68e-52	201
P30314.2	O52225.1	30.061	489	261	11	384	870	421	830	2.23e-52	201
P30314.2	P19821.1	29.461	482	269	9	393	872	420	832	3.85e-52	200
P30314.2	O08307.1	26.349	630	386	13	243	867	377	933	9.43e-51	197
P30314.2	Q59156.2	30.103	485	269	9	384	867	431	846	9.52e-51	196
P30314.2	Q9S1G2.1	28.433	619	341	16	247	841	450	990	1.53e-50	196
P30314.2	P52028.2	29.060	468	269	8	376	841	405	811	5.76e-50	193
P30314.2	P80194.2	29.194	459	262	8	384	840	413	810	1.75e-49	192
P30314.2	P59199.1	34.870	347	210	7	497	840	521	854	7.51e-49	190
P30314.2	P59200.1	34.294	347	212	6	497	840	521	854	9.78e-49	190
P30314.2	Q04957.1	34.006	347	214	6	497	841	522	855	5.42e-48	187
P30314.2	O32801.2	28.177	543	320	11	300	840	380	854	5.99e-48	187
P30314.2	P52026.2	33.526	346	216	5	497	841	522	854	8.62e-48	187
P30314.2	O34996.1	32.817	387	238	7	485	870	514	879	1.48e-47	186
P30314.2	Q9CDS1.1	27.993	543	321	11	300	840	380	854	3.10e-47	185
P30314.2	P19822.3	27.564	624	347	21	247	820	169	737	7.54e-47	184
P30314.2	P74933.2	26.264	613	349	14	272	869	471	995	2.84e-45	180
P30314.2	P46835.1	30.133	375	241	7	498	870	554	909	4.18e-43	173
P30314.2	O51498.1	25.187	667	395	21	213	869	334	906	4.33e-42	169
P30314.2	P0A551.1	30.789	380	233	7	498	874	550	902	5.87e-42	169
P30314.2	P52027.2	25.866	491	291	10	381	869	535	954	1.24e-41	168
P30314.2	Q9RAA9.1	28.875	471	259	10	402	867	519	918	3.43e-41	167
P30314.2	Q1RH76.1	31.649	376	227	9	497	867	517	867	1.62e-39	161
P30314.2	Q92GB7.1	28.450	471	261	10	402	867	472	871	3.91e-39	160
P30314.2	Q9RLB6.1	27.879	495	275	12	384	867	494	917	2.84e-37	154
P30314.2	P56105.2	28.198	344	225	8	498	841	546	867	4.65e-35	147
P30314.2	Q9RLA0.1	30.319	376	232	9	497	867	518	868	9.29e-35	146
P30314.2	Q9ZJE9.1	27.616	344	227	9	498	841	552	873	1.76e-34	145
P30314.2	O05949.1	31.053	380	224	11	497	867	513	863	2.32e-33	142
P30314.2	Q55971.1	24.658	657	379	21	248	870	411	985	1.54e-32	139
P30314.2	Q7Z5Q5.2	25.700	393	260	10	497	868	472	853	1.32e-31	136
P30314.2	O67779.1	27.687	549	310	26	279	820	61	529	2.88e-31	133
P30314.2	Q7TQ07.2	26.667	390	260	10	497	868	471	852	5.10e-30	131
P30314.2	Q5SKC5.1	43.537	147	80	3	8	152	18	163	1.43e-26	111
P30314.2	A0FLQ6.3	26.579	380	228	12	500	869	1263	1601	1.91e-26	120
P30314.2	Q8ILY1.1	26.344	372	237	10	499	868	1677	2013	4.41e-25	116
P30314.2	F4I6M1.1	29.467	319	176	10	547	835	718	1017	1.43e-24	114
P30314.2	Q84ND9.1	28.219	365	203	12	513	842	665	1005	6.92e-24	112
P30314.2	Q6Z4T5.1	27.682	289	169	7	577	839	731	1005	1.12e-22	108
P30314.2	O18475.1	25.954	393	244	13	498	875	1699	2059	1.73e-22	108
P30314.2	O75417.2	23.990	396	207	9	531	841	2178	2564	3.61e-22	107
P30314.2	O28007.1	35.542	166	97	4	18	174	29	193	3.72e-22	98.6
P30314.2	Q588V7.1	24.292	424	268	11	483	869	1740	2147	8.15e-22	105
P30314.2	Q6Z4T3.1	26.990	289	171	7	577	839	733	1007	1.19e-21	105
P30314.2	Q9WYY1.1	38.686	137	80	3	18	151	33	168	1.12e-20	94.0
P30314.2	Q8CGS6.2	26.471	340	168	10	577	840	2184	2517	1.25e-20	102
P30314.2	O64235.1	24.740	384	237	14	497	873	267	605	5.26e-17	89.4
P30314.2	Q97WF1.1	36.207	174	102	3	8	172	19	192	6.91e-17	84.0
P30314.2	Q96YD0.1	34.270	178	104	6	8	175	19	193	1.54e-15	80.1
P30314.2	Q8ZYS2.1	30.539	167	106	4	8	165	18	183	1.47e-13	73.6
P30314.2	Q05254.1	24.737	380	231	14	497	873	266	593	1.08e-12	75.5
P30314.2	A0A2L0V166.1	21.273	597	360	22	291	843	68	598	3.16e-09	64.3
P30314.2	A0A2H5BHJ5.1	23.782	349	209	12	525	843	269	590	9.81e-09	62.8
P30314.2	P20311.1	22.340	376	249	12	514	867	346	700	5.73e-07	57.0
P30314.2	P00581.1	21.751	377	252	13	514	868	346	701	2.01e-06	55.5
P30314.2	Q8ZXE0.1	27.152	151	90	6	14	146	50	198	0.001	44.7
P30314.2	G3FFN8.1	23.181	371	226	17	525	870	290	626	0.005	44.3
P30314.2	B0FIL5.1	21.978	91	66	1	777	867	525	610	0.099	40.0
# PSIBLAST 2.17.0+
# Iteration: 2
# Query: P30314.2 RecName: Full=DNA polymerase [Bacillus phage SPO1]
# Database: /home/VMAULES/ruizven2/bioinfo/practicas/data/swissprot
# Fields: query acc.ver, subject acc.ver, % identity, alignment length, mismatches, gap opens, q. start, q. end, s. start, s. end, evalue, bit score
# 92 hits found
P30314.2	P30314.2	100.000	924	0	0	1	924	1	924	0.0	1231
P30314.2	Q9HT80.1	26.116	739	448	16	154	870	250	912	0.0	636
P30314.2	P00582.1	28.529	673	391	15	210	870	333	927	0.0	626
P30314.2	Q9F173.2	28.054	663	394	14	213	870	343	927	0.0	625
P30314.2	P43741.1	26.021	661	408	13	213	870	347	929	0.0	617
P30314.2	Q9S1G2.1	26.549	678	382	17	226	870	421	1015	0.0	589
P30314.2	O08307.1	25.339	663	413	14	212	869	350	935	0.0	577
P30314.2	P74933.2	24.060	665	393	14	242	870	408	996	0.0	571
P30314.2	O51498.1	23.123	666	410	15	213	869	334	906	1.67e-179	545
P30314.2	P19821.1	27.379	515	296	9	367	872	387	832	2.95e-174	530
P30314.2	P30313.1	26.523	558	332	9	324	872	343	831	1.66e-173	527
P30314.2	P52028.2	25.933	563	339	9	319	872	341	834	2.58e-173	527
P30314.2	P80194.2	25.755	563	340	9	319	872	341	834	5.12e-173	526
P30314.2	O52225.1	27.061	558	327	10	324	872	346	832	1.58e-171	522
P30314.2	O34996.1	24.847	652	412	12	222	871	305	880	1.82e-170	521
P30314.2	Q55971.1	21.866	686	425	19	213	871	385	986	1.77e-169	522
P30314.2	O32801.2	25.691	615	377	11	261	871	339	877	6.11e-169	517
P30314.2	P52026.2	24.882	635	389	13	239	871	328	876	2.94e-166	510
P30314.2	Q9CDS1.1	25.487	616	377	12	261	871	339	877	5.15e-166	510
P30314.2	P19822.3	24.321	810	476	23	105	866	60	780	1.55e-161	497
P30314.2	Q59156.2	29.675	492	276	9	381	871	428	850	1.14e-160	495
P30314.2	Q04957.1	23.484	775	482	20	112	871	199	877	1.46e-159	493
P30314.2	P59200.1	25.823	577	349	11	299	871	376	877	2.54e-158	490
P30314.2	P59199.1	25.650	577	350	11	299	871	376	877	3.97e-158	489
P30314.2	P52027.2	22.170	636	405	14	250	871	397	956	2.42e-154	481
P30314.2	P46835.1	23.941	614	381	14	269	870	370	909	7.12e-153	476
P30314.2	Q9RAA9.1	24.223	611	372	12	281	869	379	920	1.43e-152	476
P30314.2	Q1RH76.1	24.807	649	394	17	227	869	309	869	4.31e-150	468
P30314.2	P0A551.1	24.274	585	365	12	289	870	393	902	2.89e-149	467
P30314.2	Q92GB7.1	27.664	488	280	10	385	869	456	873	4.55e-149	465
P30314.2	Q9RLB6.1	23.770	610	375	12	281	869	379	919	8.52e-147	461
P30314.2	Q9RLA0.1	23.343	664	417	17	212	869	293	870	7.61e-145	454
P30314.2	O05949.1	26.025	488	288	10	385	869	448	865	5.56e-140	441
P30314.2	Q9ZJE9.1	21.013	671	436	18	204	872	319	897	2.89e-129	414
P30314.2	Q7TQ07.2	20.419	573	382	11	316	868	334	852	1.12e-128	411
P30314.2	Q7Z5Q5.2	20.870	575	377	13	316	868	335	853	1.19e-128	413
P30314.2	P56105.2	21.311	671	432	18	204	872	315	891	3.13e-128	411
P30314.2	A0A2L0V166.1	20.115	696	424	27	225	877	15	621	1.07e-125	396
P30314.2	O18475.1	19.350	646	435	16	243	875	1487	2059	1.19e-116	396
P30314.2	Q588V7.1	21.374	524	316	10	382	870	1686	2148	3.21e-113	386
P30314.2	O67779.1	24.837	612	379	21	258	867	39	571	7.35e-111	356
P30314.2	A0A2H5BHJ5.1	19.712	695	430	26	215	867	5	613	4.77e-107	347
P30314.2	Q6Z4T5.1	17.871	789	502	18	207	871	267	1033	4.90e-107	358
P30314.2	F4I6M1.1	20.055	728	431	19	274	871	344	1050	6.17e-106	356
P30314.2	Q84ND9.1	20.600	733	425	20	275	871	323	1034	2.50e-105	354
P30314.2	O75417.2	17.784	686	389	16	299	875	1971	2590	3.56e-103	357
P30314.2	Q8CGS6.2	16.777	757	443	15	241	875	1853	2544	6.87e-103	356
P30314.2	Q6Z4T3.1	17.045	792	511	19	207	871	263	1035	8.78e-101	341
P30314.2	Q8ILY1.1	22.068	648	400	20	225	869	1469	2014	2.51e-100	348
P30314.2	O64235.1	20.685	672	404	24	225	873	40	605	8.46e-99	325
P30314.2	Q05254.1	19.340	667	407	23	225	873	40	593	6.60e-97	319
P30314.2	A0FLQ6.3	23.990	396	256	11	483	871	1246	1603	2.21e-95	333
P30314.2	P00581.1	18.934	713	470	23	223	868	30	701	9.39e-92	309
P30314.2	P20311.1	18.759	693	449	22	267	869	34	702	1.56e-90	305
P30314.2	Q97WF1.1	35.632	174	103	3	8	172	19	192	6.28e-80	261
P30314.2	Q96YD0.1	32.203	177	109	3	8	175	19	193	1.41e-77	255
P30314.2	O28007.1	33.523	176	107	3	8	174	19	193	4.58e-76	250
P30314.2	Q5SKC5.1	39.429	175	98	4	8	175	18	191	1.14e-69	233
P30314.2	Q8ZYS2.1	29.940	167	107	4	8	165	18	183	5.07e-68	228
P30314.2	G3FFN8.1	17.080	685	420	22	242	872	38	628	5.72e-68	242
P30314.2	Q9WYY1.1	33.529	170	107	4	8	172	23	191	1.63e-67	226
P30314.2	P0DTK4.1	18.312	699	402	27	243	872	59	657	1.21e-65	236
P30314.2	P06225.1	15.202	717	431	24	211	842	6	630	4.04e-26	118
P30314.2	B0FIL5.1	16.667	258	180	8	630	868	370	611	6.64e-22	104
P30314.2	Q8ZXE0.1	22.930	157	103	6	9	148	45	200	1.17e-21	97.9
P30314.2	Q5SJ65.1	22.727	154	98	7	11	144	38	190	5.04e-18	87.1
P30314.2	Q12704.2	18.874	302	192	8	566	832	620	903	8.38e-17	89.5
P30314.2	Q01941.1	14.502	462	330	14	436	856	463	900	1.34e-15	85.2
P30314.2	Q9T1Q3.1	16.763	519	325	16	279	754	57	511	1.35e-13	78.7
P30314.2	P15801.3	16.667	240	159	6	626	836	684	911	2.34e-13	78.3
P30314.2	Q9CC91.1	20.442	181	115	8	14	166	48	227	5.44e-13	72.9
P30314.2	P64786.1	21.154	156	99	7	14	146	86	240	3.84e-12	71.0
P30314.2	Q9QYV8.1	14.761	481	289	18	442	832	678	1127	1.24e-11	72.5
P30314.2	Q9Y767.2	17.379	351	215	15	540	836	631	960	1.89e-11	72.1
P30314.2	A0KXU5.1	13.043	276	216	7	282	551	89	346	6.72e-11	68.7
P30314.2	Q92076.1	13.333	510	316	17	418	832	85	563	1.95e-09	65.2
P30314.2	P54099.3	13.987	479	295	19	442	832	680	1129	1.88e-08	62.1
P30314.2	Q91684.1	12.162	518	350	14	425	859	651	1146	3.88e-08	61.3
P30314.2	Q27607.2	14.744	312	187	13	611	859	786	1081	9.12e-08	59.8
P30314.2	O68770.2	21.192	151	116	3	23	171	1025	1174	4.22e-06	54.4
P30314.2	A9H9B7.1	12.245	196	143	6	213	406	25	193	8.34e-06	52.9
P30314.2	P54098.1	15.979	388	262	16	373	736	648	995	1.20e-05	52.9
P30314.2	Q5GZ75.2	13.684	285	216	9	263	542	48	307	1.11e-04	49.0
P30314.2	Q0WVE8.1	15.385	377	261	12	206	554	79	425	1.37e-04	49.4
P30314.2	D4Z694.2	15.897	195	136	7	216	408	20	188	0.002	45.5
P30314.2	Q0BVP4.2	13.953	129	99	3	279	406	76	193	0.002	45.2
P30314.2	Q5NPM2.1	14.465	159	121	4	254	408	41	188	0.003	44.8
P30314.2	A9LLI7.1	13.333	165	128	5	277	437	323	476	0.004	44.8
P30314.2	A7HYE5.2	14.444	180	137	4	282	460	68	231	0.006	43.6
P30314.2	A6V8R6.2	20.635	126	87	4	281	405	73	186	0.010	42.8
P30314.2	Q6G329.1	15.385	169	129	7	255	420	62	219	0.010	42.8
P30314.2	Q01780.2	14.626	294	232	10	258	545	331	611	0.014	42.8
# PSIBLAST 2.17.0+
# Iteration: 3
# Query: P30314.2 RecName: Full=DNA polymerase [Bacillus phage SPO1]
# Database: /home/VMAULES/ruizven2/bioinfo/practicas/data/swissprot
# Fields: query acc.ver, subject acc.ver, % identity, alignment length, mismatches, gap opens, q. start, q. end, s. start, s. end, evalue, bit score
# 111 hits found
P30314.2	P30314.2	100.000	924	0	0	1	924	1	924	0.0	1001
P30314.2	Q9HT80.1	25.981	739	449	16	154	870	250	912	0.0	646
P30314.2	P00582.1	24.938	806	481	17	112	870	199	927	0.0	620
P30314.2	Q9F173.2	25.332	754	448	16	154	870	252	927	0.0	617
P30314.2	P43741.1	23.355	775	476	17	136	870	233	929	0.0	611
P30314.2	O34996.1	22.816	767	498	16	112	871	201	880	0.0	578
P30314.2	O08307.1	22.319	802	515	17	93	869	217	935	0.0	570
P30314.2	Q9S1G2.1	25.137	732	445	19	163	870	363	1015	0.0	567
P30314.2	P52026.2	22.351	774	491	18	112	871	199	876	0.0	559
P30314.2	P74933.2	22.482	685	415	12	222	870	392	996	0.0	559
P30314.2	Q04957.1	22.839	775	487	20	112	871	199	877	0.0	557
P30314.2	Q55971.1	21.397	687	432	16	209	871	384	986	6.01e-179	547
P30314.2	O32801.2	23.250	800	515	19	86	871	163	877	1.52e-174	532
P30314.2	Q9CDS1.1	22.107	769	492	17	112	871	207	877	1.47e-173	529
P30314.2	P19822.3	22.818	802	498	18	105	866	60	780	1.06e-169	518
P30314.2	P59200.1	21.902	799	530	20	86	871	160	877	1.51e-169	519
P30314.2	P59199.1	21.777	799	531	20	86	871	160	877	1.61e-169	518
P30314.2	Q9RAA9.1	20.189	847	544	20	77	869	152	920	7.99e-169	518
P30314.2	P30313.1	21.928	830	528	19	81	872	84	831	2.52e-168	514
P30314.2	P19821.1	26.157	562	337	9	320	872	340	832	9.56e-168	513
P30314.2	O52225.1	26.560	561	332	10	321	872	343	832	2.69e-167	512
P30314.2	P80194.2	25.755	563	340	9	319	872	341	834	5.37e-167	511
P30314.2	P52028.2	25.933	563	339	9	319	872	341	834	7.16e-167	510
P30314.2	Q9RLB6.1	20.724	801	514	18	112	869	197	919	1.50e-164	507
P30314.2	Q6Z4T5.1	17.294	850	546	19	157	871	206	1033	1.12e-162	506
P30314.2	Q92GB7.1	19.928	828	522	19	77	869	152	873	1.81e-162	500
P30314.2	Q9RLA0.1	20.882	771	500	21	112	869	197	870	3.23e-161	497
P30314.2	P46835.1	23.274	623	394	14	252	870	367	909	9.83e-161	497
P30314.2	O51498.1	20.604	728	483	16	144	869	272	906	2.26e-160	496
P30314.2	Q1RH76.1	21.762	772	491	20	112	869	197	869	6.39e-159	491
P30314.2	Q6Z4T3.1	16.646	799	520	19	200	871	256	1035	2.04e-157	492
P30314.2	P0A551.1	23.151	622	392	13	252	870	364	902	5.66e-157	487
P30314.2	Q59156.2	23.529	697	428	14	180	871	254	850	3.30e-156	483
P30314.2	O05949.1	20.694	778	488	18	112	869	197	865	4.67e-154	478
P30314.2	P52027.2	22.013	636	406	14	250	871	397	956	2.24e-153	479
P30314.2	P56105.2	19.974	776	510	22	100	872	224	891	6.85e-152	473
P30314.2	Q9ZJE9.1	19.355	775	522	21	100	872	224	897	4.22e-151	472
P30314.2	F4I6M1.1	18.372	860	539	26	151	871	215	1050	2.08e-149	472
P30314.2	Q84ND9.1	17.692	910	566	24	107	871	163	1034	1.08e-146	464
P30314.2	Q7Z5Q5.2	19.848	660	438	16	236	870	262	855	4.27e-135	430
P30314.2	Q7TQ07.2	20.033	604	398	13	289	870	314	854	4.60e-135	428
P30314.2	O18475.1	19.195	646	436	15	243	875	1487	2059	1.11e-131	440
P30314.2	Q8CGS6.2	16.380	757	446	14	241	875	1853	2544	1.28e-130	438
P30314.2	A0A2H5BHJ5.1	19.484	698	444	26	215	875	5	621	2.74e-128	403
P30314.2	O75417.2	16.667	756	442	15	243	875	1900	2590	4.60e-128	430
P30314.2	A0A2L0V166.1	18.625	698	434	24	224	877	14	621	3.31e-125	395
P30314.2	O64235.1	19.881	674	411	23	224	874	39	606	2.16e-118	376
P30314.2	Q05254.1	18.087	669	417	20	224	874	39	594	4.27e-117	373
P30314.2	P00581.1	18.680	712	473	22	223	868	30	701	1.50e-114	369
P30314.2	Q588V7.1	17.607	727	457	17	225	870	1483	2148	1.32e-112	384
P30314.2	Q8ILY1.1	22.068	648	400	20	225	869	1469	2014	3.43e-112	383
P30314.2	P20311.1	18.233	713	477	22	223	869	30	702	4.16e-112	363
P30314.2	G3FFN8.1	16.596	705	436	22	222	872	22	628	5.33e-112	361
P30314.2	O67779.1	23.065	672	384	21	213	867	16	571	2.78e-108	349
P30314.2	P0DTK4.1	16.804	726	429	27	224	874	34	659	7.04e-99	327
P30314.2	A0FLQ6.3	23.133	415	278	11	462	871	1225	1603	1.26e-91	322
P30314.2	P54099.3	13.864	779	509	25	188	859	433	1156	1.95e-74	269
P30314.2	P54098.1	13.210	704	462	22	253	859	526	1177	1.49e-73	267
P30314.2	P06225.1	14.345	718	444	23	211	846	6	634	4.99e-73	256
P30314.2	Q91684.1	12.741	518	353	15	422	859	648	1146	1.01e-72	264
P30314.2	Q9QYV8.1	13.763	574	360	18	373	859	629	1154	1.11e-72	264
P30314.2	Q01941.1	14.440	464	332	14	436	858	463	902	1.10e-71	259
P30314.2	Q92076.1	13.670	534	341	16	418	859	85	590	6.33e-71	250
P30314.2	Q97WF1.1	34.857	175	105	3	8	173	19	193	3.26e-68	229
P30314.2	Q96YD0.1	32.022	178	110	3	8	176	19	194	3.29e-66	224
P30314.2	O28007.1	33.523	176	107	3	8	174	19	193	6.01e-66	222
P30314.2	Q5SKC5.1	38.857	175	99	4	8	175	18	191	1.49e-64	218
P30314.2	Q9WYY1.1	33.529	170	107	4	8	172	23	191	2.50e-62	212
P30314.2	Q12704.2	16.296	540	379	14	368	859	416	930	4.67e-61	228
P30314.2	Q8ZYS2.1	29.940	167	107	4	8	165	18	183	4.85e-59	203
P30314.2	Q9T1Q3.1	15.714	560	356	17	238	754	25	511	7.04e-59	222
P30314.2	Q9Y767.2	14.949	495	334	18	424	858	515	982	5.39e-54	208
P30314.2	P15801.3	15.534	309	212	8	577	856	643	931	7.07e-53	204
P30314.2	Q9CC91.1	19.565	184	119	8	11	166	45	227	9.65e-49	175
P30314.2	Q8ZXE0.1	22.930	157	103	6	9	148	45	200	2.22e-47	171
P30314.2	P64786.1	20.652	184	117	8	11	166	83	265	3.95e-47	172
P30314.2	Q27607.2	13.677	446	281	15	488	859	666	1081	2.10e-45	181
P30314.2	B0FIL5.1	13.265	490	335	14	448	870	147	613	2.39e-43	170
P30314.2	Q5SJ65.1	22.727	154	98	7	11	144	38	190	9.60e-41	152
P30314.2	O68770.2	21.192	151	116	3	23	171	1025	1174	1.62e-37	156
P30314.2	A0KXU5.1	12.958	355	278	10	210	551	10	346	1.53e-34	139
P30314.2	Q0WVE8.1	13.933	445	310	12	153	554	11	425	1.27e-31	135
P30314.2	Q5GZ75.2	13.003	323	236	11	225	542	25	307	9.62e-26	113
P30314.2	A9H9B7.1	12.670	221	157	8	213	431	25	211	4.09e-19	94.1
P30314.2	A9LLI7.1	12.800	375	269	10	207	553	225	569	1.63e-18	94.5
P30314.2	Q0BVP4.2	10.938	192	146	5	215	406	27	193	1.61e-14	80.3
P30314.2	Q12149.1	12.333	300	232	8	125	405	105	392	3.31e-14	80.6
P30314.2	A6V8R6.2	15.126	238	174	6	224	460	31	241	3.92e-14	78.7
P30314.2	Q5NPM2.1	13.776	196	143	8	214	408	18	188	4.59e-12	72.5
P30314.2	A5G127.1	12.042	191	143	6	215	405	25	190	5.22e-12	72.2
P30314.2	A7HYE5.2	13.065	199	156	4	264	461	50	232	2.20e-11	70.2
P30314.2	Q01780.2	14.056	249	198	7	258	502	331	567	2.43e-11	71.4
P30314.2	P56960.2	13.200	250	199	7	258	502	331	567	2.48e-11	71.4
P30314.2	D4A1X2.2	13.200	250	199	7	258	502	331	567	2.84e-11	71.4
P30314.2	D4Z694.2	13.131	198	140	6	215	408	19	188	4.17e-11	69.5
P30314.2	B8EN54.2	13.072	153	121	4	256	406	40	182	5.02e-11	69.1
P30314.2	P09155.1	8.877	383	306	9	199	572	1	349	6.82e-11	68.7
P30314.2	Q28RA7.1	13.475	141	112	3	266	406	57	187	1.56e-10	67.5
P30314.2	Q6G329.1	14.354	209	150	7	211	417	35	216	6.06e-10	66.0
P30314.2	Q9VFF3.3	13.466	401	304	13	150	537	208	578	3.11e-08	61.4
P30314.2	Q1QLI8.2	11.644	146	119	3	262	407	48	183	3.73e-08	60.2
P30314.2	A1SVE6.1	10.714	364	287	10	227	574	7	348	3.24e-05	51.0
P30314.2	Q92GL1.1	14.894	141	97	4	225	342	9	149	0.002	44.4
P30314.2	Q49X49.1	12.469	409	324	11	162	540	376	780	0.002	45.6
P30314.2	O93530.1	12.921	178	138	4	223	390	52	222	0.003	45.2
P30314.2	Q68W16.1	18.182	143	90	4	225	342	9	149	0.008	42.5
P30314.2	Q8CDF7.1	12.222	270	214	5	249	496	167	435	0.013	42.9
P30314.2	Q895K2.1	13.174	334	241	10	272	573	478	794	0.014	42.9
P30314.2	Q9ZCJ9.1	14.894	141	97	4	225	342	9	149	0.017	41.3
P30314.2	Q8NHP7.4	10.458	306	249	7	249	534	110	410	0.025	41.7
P30314.2	Q1RJM1.1	16.084	143	93	4	225	342	9	149	0.036	40.6
# PSIBLAST 2.17.0+
# Iteration: 4
# Query: P30314.2 RecName: Full=DNA polymerase [Bacillus phage SPO1]
# Database: /home/VMAULES/ruizven2/bioinfo/practicas/data/swissprot
# Fields: query acc.ver, subject acc.ver, % identity, alignment length, mismatches, gap opens, q. start, q. end, s. start, s. end, evalue, bit score
# 123 hits found
P30314.2	P30314.2	100.000	924	0	0	1	924	1	924	0.0	922
P30314.2	P00582.1	23.911	895	534	22	34	870	122	927	0.0	645
P30314.2	Q9F173.2	23.483	890	544	24	34	870	122	927	0.0	642
P30314.2	Q9HT80.1	25.361	761	467	17	135	870	228	912	0.0	627
P30314.2	Q9RAA9.1	20.189	847	544	20	77	869	152	920	0.0	625
P30314.2	P43741.1	22.373	809	500	16	112	870	199	929	0.0	621
P30314.2	Q92GB7.1	19.807	828	523	19	77	869	152	873	0.0	615
P30314.2	Q9RLB6.1	20.095	846	545	21	77	869	152	919	0.0	610
P30314.2	O08307.1	22.319	802	515	17	93	869	217	935	0.0	599
P30314.2	O32801.2	23.250	800	515	19	86	871	163	877	0.0	589
P30314.2	P59200.1	21.902	799	530	20	86	871	160	877	0.0	587
P30314.2	P30313.1	21.901	831	529	19	80	872	83	831	0.0	586
P30314.2	P59199.1	21.777	799	531	20	86	871	160	877	0.0	586
P30314.2	Q9RLA0.1	19.070	839	530	22	66	869	146	870	0.0	585
P30314.2	O34996.1	22.686	767	499	16	112	871	201	880	0.0	584
P30314.2	Q9CDS1.1	22.444	802	519	20	86	871	163	877	0.0	584
P30314.2	Q1RH76.1	19.784	834	524	20	71	869	146	869	0.0	582
P30314.2	O05949.1	19.784	834	525	21	66	869	146	865	0.0	579
P30314.2	P52026.2	21.446	816	515	18	87	871	156	876	0.0	572
P30314.2	Q9S1G2.1	24.727	732	448	19	163	870	363	1015	0.0	570
P30314.2	P74933.2	21.813	706	436	12	201	870	371	996	0.0	559
P30314.2	P52028.2	21.609	833	530	21	80	872	85	834	0.0	557
P30314.2	P80194.2	21.369	833	532	21	80	872	85	834	0.0	555
P30314.2	Q04957.1	21.787	817	512	20	87	871	156	877	0.0	555
P30314.2	P19821.1	21.179	831	535	20	80	872	84	832	0.0	547
P30314.2	O52225.1	21.463	834	530	23	80	872	83	832	1.86e-179	543
P30314.2	Q55971.1	20.728	714	458	16	182	871	357	986	1.12e-178	546
P30314.2	O51498.1	21.134	776	521	17	99	869	217	906	6.80e-176	536
P30314.2	Q59156.2	22.394	777	493	17	105	871	174	850	4.15e-172	525
P30314.2	Q6Z4T5.1	17.249	887	576	19	121	871	169	1033	9.26e-168	519
P30314.2	P46835.1	19.465	822	541	19	87	870	171	909	2.07e-165	509
P30314.2	Q9ZJE9.1	19.355	775	522	21	100	872	224	897	1.54e-163	504
P30314.2	Q84ND9.1	17.146	939	595	24	78	871	134	1034	1.82e-163	508
P30314.2	P56105.2	19.459	776	514	22	100	872	224	891	7.24e-163	502
P30314.2	Q6Z4T3.1	16.530	853	555	19	157	871	202	1035	8.24e-162	503
P30314.2	P0A551.1	18.811	824	538	18	87	870	170	902	5.28e-161	497
P30314.2	F4I6M1.1	18.023	860	542	24	151	871	215	1050	3.59e-159	497
P30314.2	P19822.3	22.818	802	498	18	105	866	60	780	1.50e-157	487
P30314.2	P52027.2	21.855	636	407	14	250	871	397	956	1.70e-155	485
P30314.2	Q7Z5Q5.2	19.697	660	439	16	236	870	262	855	6.32e-145	455
P30314.2	Q7TQ07.2	19.099	644	435	14	250	870	274	854	2.98e-141	445
P30314.2	O75417.2	15.367	885	551	18	121	875	1774	2590	1.09e-134	450
P30314.2	Q8CGS6.2	16.248	757	447	14	241	875	1853	2544	1.37e-134	449
P30314.2	O18475.1	18.885	646	438	14	243	875	1487	2059	1.11e-133	445
P30314.2	Q588V7.1	17.558	729	459	17	223	870	1481	2148	1.44e-125	423
P30314.2	A0A2H5BHJ5.1	19.594	689	437	25	224	875	13	621	1.48e-125	396
P30314.2	A0A2L0V166.1	18.208	692	443	23	223	874	13	621	4.98e-122	387
P30314.2	O64235.1	18.991	674	417	21	224	874	39	606	3.73e-119	379
P30314.2	Q05254.1	17.788	669	419	20	224	874	39	594	1.02e-117	374
P30314.2	O67779.1	22.619	672	387	20	213	867	16	571	2.14e-114	365
P30314.2	P54099.3	13.333	780	514	23	187	859	432	1156	7.31e-114	380
P30314.2	Q8ILY1.1	21.914	648	401	19	225	869	1469	2014	3.52e-112	383
P30314.2	Q9QYV8.1	13.205	780	514	22	187	859	431	1154	1.18e-111	374
P30314.2	P54098.1	13.222	779	516	23	189	859	451	1177	1.60e-111	374
P30314.2	G3FFN8.1	16.667	702	439	24	222	872	22	628	6.12e-109	352
P30314.2	P00581.1	17.877	716	474	22	223	868	30	701	1.85e-105	346
P30314.2	P20311.1	17.489	709	471	22	231	869	38	702	3.01e-102	337
P30314.2	P0DTK4.1	16.422	749	459	27	198	874	6	659	1.98e-101	334
P30314.2	A0FLQ6.3	23.133	415	278	11	462	871	1225	1603	4.06e-96	335
P30314.2	Q12704.2	16.296	540	379	14	368	859	416	930	7.07e-90	311
P30314.2	Q91684.1	11.902	773	538	23	184	859	420	1146	9.68e-90	313
P30314.2	Q92076.1	11.661	626	421	15	322	859	9	590	1.86e-87	295
P30314.2	Q01941.1	13.128	617	459	18	295	858	310	902	3.97e-82	289
P30314.2	P06225.1	14.023	706	442	22	223	846	12	634	6.17e-75	262
P30314.2	Q9Y767.2	14.467	629	431	25	293	858	398	982	3.35e-73	267
P30314.2	B0FIL5.1	13.211	492	337	14	446	870	145	613	8.08e-64	230
P30314.2	P15801.3	13.469	490	346	13	426	857	463	932	3.96e-63	236
P30314.2	Q27607.2	12.735	479	314	14	455	859	633	1081	4.57e-61	229
P30314.2	Q96YD0.1	30.055	183	119	2	8	181	19	201	3.24e-60	207
P30314.2	Q97WF1.1	33.714	175	107	2	8	173	19	193	1.30e-59	205
P30314.2	Q9T1Q3.1	15.714	560	356	17	238	754	25	511	2.12e-59	223
P30314.2	O28007.1	33.523	176	107	3	8	174	19	193	3.09e-58	201
P30314.2	Q5SKC5.1	38.636	176	100	4	8	176	18	192	3.73e-56	195
P30314.2	Q9WYY1.1	33.529	170	107	4	8	172	23	191	2.07e-55	193
P30314.2	Q8ZYS2.1	29.940	167	107	4	8	165	18	183	9.45e-54	188
P30314.2	P09155.1	8.877	383	306	9	199	572	1	349	5.71e-44	166
P30314.2	Q9CC91.1	19.355	186	121	8	11	168	45	229	9.38e-44	161
P30314.2	Q8ZXE0.1	22.930	157	103	6	9	148	45	200	2.25e-43	160
P30314.2	A0KXU5.1	11.936	377	303	10	210	574	10	369	3.50e-43	165
P30314.2	P64786.1	19.892	186	120	8	11	168	83	267	1.64e-42	159
P30314.2	Q0WVE8.1	13.708	445	311	12	153	554	11	425	1.20e-41	166
P30314.2	Q9VFF3.3	13.466	401	304	13	150	537	208	578	1.62e-38	158
P30314.2	Q5SJ65.1	20.879	182	122	8	11	171	38	218	6.08e-38	144
P30314.2	Q01780.2	12.285	407	321	12	135	531	218	598	1.18e-35	149
P30314.2	P56960.2	11.702	376	298	11	135	502	218	567	6.93e-35	147
P30314.2	Q12149.1	11.346	379	286	10	125	469	105	467	3.93e-34	144
P30314.2	D4A1X2.2	11.864	413	333	12	132	531	204	598	1.20e-33	143
P30314.2	A1SVE6.1	10.714	364	287	10	227	574	7	348	4.48e-33	135
P30314.2	A9LLI7.1	11.911	403	291	12	185	553	197	569	4.53e-33	141
P30314.2	A9H9B7.1	11.321	265	197	9	197	457	9	239	3.74e-32	133
P30314.2	O68770.2	19.205	151	119	2	23	171	1025	1174	6.96e-32	138
P30314.2	A7HYE5.2	11.765	272	206	7	215	484	16	255	2.19e-31	130
P30314.2	Q0BVP4.2	10.769	260	203	6	203	460	14	246	3.42e-31	130
P30314.2	C9XUE4.2	9.524	378	299	9	203	571	1	344	4.20e-31	129
P30314.2	Q5GZ75.2	13.003	323	236	11	225	542	25	307	1.87e-29	124
P30314.2	A6V8R6.2	13.636	264	200	6	198	460	5	241	5.03e-29	123
P30314.2	A5G127.1	11.719	256	195	7	203	457	12	237	1.70e-28	122
P30314.2	Q6G329.1	12.064	373	283	11	211	572	35	373	6.23e-28	120
P30314.2	Q5NPM2.1	13.818	275	206	9	214	487	18	262	1.14e-27	119
P30314.2	B8EN54.2	9.605	354	286	7	203	551	3	327	2.36e-27	118
P30314.2	D4Z694.2	11.808	271	208	7	215	484	19	259	1.64e-26	116
P30314.2	Q1QLI8.2	10.601	283	220	6	202	482	2	253	5.64e-26	114
P30314.2	Q28RA7.1	11.538	208	163	6	199	406	1	187	5.97e-25	111
P30314.2	A8GFH0.2	12.963	378	286	9	199	567	1	344	2.42e-23	106
P30314.2	P44442.1	10.256	390	294	9	196	555	25	388	9.29e-23	105
P30314.2	C6C608.2	8.355	383	308	9	199	572	1	349	1.01e-21	101
P30314.2	G5EBX6.1	8.744	446	360	13	112	526	150	579	1.38e-19	98.0
P30314.2	A9LLI8.1	11.707	205	156	6	196	400	114	293	2.17e-19	97.6
P30314.2	Q10146.2	9.874	476	384	16	56	513	49	497	2.00e-17	91.1
P30314.2	Q6AJF4.1	10.026	379	297	12	199	566	2	347	1.27e-12	74.1
P30314.2	O09053.3	13.478	230	174	6	223	434	52	274	1.87e-06	55.6
P30314.2	O93530.1	12.775	227	179	5	176	390	3	222	1.57e-05	52.5
P30314.2	Q8NHP7.4	10.390	308	254	7	249	540	110	411	9.52e-05	49.8
P30314.2	Q8N9H8.3	12.355	259	206	7	146	392	320	569	1.35e-04	49.5
P30314.2	Q8CDF7.1	14.097	227	167	8	249	454	167	386	8.44e-04	46.8
P30314.2	Q92GL1.1	15.862	145	95	5	224	343	8	150	0.001	45.2
P30314.2	Q9VGN7.2	9.940	332	270	10	177	503	34	341	0.001	46.4
P30314.2	Q1RJM1.1	12.450	249	162	6	224	443	8	229	0.002	44.4
P30314.2	Q8VEG4.2	8.920	213	175	5	192	390	80	287	0.002	45.6
P30314.2	Q17902.2	10.219	137	108	5	279	405	363	494	0.002	45.2
P30314.2	Q0P3U3.1	14.286	98	77	3	244	335	139	235	0.004	44.4
P30314.2	Q68W16.1	17.241	145	93	4	224	343	8	150	0.004	43.3
P30314.2	Q6LMU0.1	10.596	453	327	15	146	543	133	562	0.006	44.1
# PSIBLAST 2.17.0+
# Iteration: 5
# Query: P30314.2 RecName: Full=DNA polymerase [Bacillus phage SPO1]
# Database: /home/VMAULES/ruizven2/bioinfo/practicas/data/swissprot
# Fields: query acc.ver, subject acc.ver, % identity, alignment length, mismatches, gap opens, q. start, q. end, s. start, s. end, evalue, bit score
# 147 hits found
P30314.2	P30314.2	100.000	924	0	0	1	924	1	924	0.0	868
P30314.2	P00582.1	23.198	888	549	22	34	870	122	927	0.0	650
P30314.2	Q9F173.2	22.748	888	553	22	34	870	122	927	0.0	647
P30314.2	P43741.1	21.896	886	548	21	48	870	125	929	0.0	619
P30314.2	Q9HT80.1	22.477	872	563	21	34	870	119	912	0.0	617
P30314.2	Q9RAA9.1	19.665	895	587	20	29	869	104	920	0.0	606
P30314.2	Q92GB7.1	19.292	876	566	19	29	869	104	873	0.0	599
P30314.2	Q9RLB6.1	19.351	894	590	20	29	869	104	919	0.0	592
P30314.2	P52026.2	21.569	816	514	18	87	871	156	876	0.0	587
P30314.2	O34996.1	22.222	810	518	17	87	871	158	880	0.0	586
P30314.2	P30313.1	21.901	831	529	20	80	872	83	831	0.0	578
P30314.2	O32801.2	23.250	800	515	19	86	871	163	877	0.0	577
P30314.2	O08307.1	22.236	805	518	17	90	869	214	935	0.0	574
P30314.2	Q9RLA0.1	18.607	876	569	19	29	869	104	870	0.0	574
P30314.2	P59200.1	21.902	799	530	20	86	871	160	877	0.0	572
P30314.2	P59199.1	22.028	799	529	19	86	871	160	877	0.0	572
P30314.2	Q9CDS1.1	22.444	802	519	20	86	871	163	877	0.0	571
P30314.2	P52028.2	21.849	833	528	21	80	872	85	834	0.0	569
P30314.2	P19821.1	21.300	831	534	20	80	872	84	832	0.0	567
P30314.2	Q04957.1	21.909	817	511	19	87	871	156	877	0.0	567
P30314.2	P80194.2	21.609	833	530	21	80	872	85	834	0.0	566
P30314.2	Q1RH76.1	19.178	876	563	20	29	869	104	869	0.0	564
P30314.2	O05949.1	19.288	871	564	19	29	869	104	865	0.0	562
P30314.2	O52225.1	21.609	833	530	22	80	872	83	832	0.0	558
P30314.2	P74933.2	21.813	706	436	12	201	870	371	996	0.0	554
P30314.2	Q9S1G2.1	24.727	732	448	19	163	870	363	1015	0.0	552
P30314.2	Q59156.2	21.524	827	537	18	55	871	126	850	1.80e-176	536
P30314.2	P46835.1	18.686	883	592	21	26	870	115	909	3.76e-176	537
P30314.2	O51498.1	20.817	783	531	16	91	869	209	906	9.08e-175	533
P30314.2	Q55971.1	19.552	803	529	19	96	871	274	986	2.59e-174	535
P30314.2	Q6Z4T5.1	17.249	887	576	19	121	871	169	1033	6.91e-174	535
P30314.2	Q84ND9.1	17.146	939	595	24	78	871	134	1034	5.63e-172	530
P30314.2	Q6Z4T3.1	16.067	890	589	19	121	871	165	1035	4.45e-169	522
P30314.2	P0A551.1	16.968	884	599	19	27	870	114	902	3.14e-165	508
P30314.2	F4I6M1.1	17.427	855	544	22	156	871	219	1050	2.53e-162	505
P30314.2	P56105.2	19.305	777	516	22	99	872	223	891	1.60e-153	478
P30314.2	Q9ZJE9.1	19.330	776	523	21	99	872	223	897	1.27e-152	475
P30314.2	P52027.2	18.214	840	555	20	87	871	194	956	2.97e-150	471
P30314.2	P19822.3	22.693	802	499	18	105	866	60	780	1.10e-142	448
P30314.2	O75417.2	15.367	885	551	18	121	875	1774	2590	5.79e-142	471
P30314.2	Q7TQ07.2	19.040	646	437	14	249	871	273	855	4.17e-139	439
P30314.2	Q7Z5Q5.2	19.697	660	439	17	236	870	262	855	7.14e-138	437
P30314.2	Q8CGS6.2	15.990	838	508	16	163	875	1778	2544	2.65e-135	451
P30314.2	P54099.3	13.299	782	516	23	185	859	430	1156	1.09e-134	436
P30314.2	Q9QYV8.1	13.171	782	516	22	185	859	429	1154	4.45e-134	435
P30314.2	O18475.1	18.885	646	438	14	243	875	1487	2059	1.92e-130	436
P30314.2	P54098.1	13.155	783	520	23	185	859	447	1177	3.91e-129	422
P30314.2	Q588V7.1	17.480	738	467	16	214	870	1472	2148	1.07e-120	408
P30314.2	A0A2H5BHJ5.1	19.594	689	437	25	224	875	13	621	2.03e-117	374
P30314.2	A0A2L0V166.1	18.221	697	447	24	218	874	8	621	3.97e-117	374
P30314.2	Q91684.1	11.902	773	538	23	184	859	420	1146	1.33e-115	385
P30314.2	O64235.1	18.694	674	419	20	224	874	39	606	6.84e-112	359
P30314.2	O67779.1	22.303	686	401	19	199	867	1	571	5.20e-111	356
P30314.2	Q05254.1	17.788	669	419	20	224	874	39	594	1.90e-110	355
P30314.2	Q92076.1	11.962	627	420	16	321	859	8	590	3.91e-108	351
P30314.2	Q8ILY1.1	21.759	648	402	19	225	869	1469	2014	5.76e-108	371
P30314.2	Q01941.1	12.966	617	460	17	295	858	310	902	4.77e-104	349
P30314.2	G3FFN8.1	16.667	702	439	24	222	872	22	628	3.32e-102	335
P30314.2	P0DTK4.1	16.223	752	463	27	195	874	3	659	1.35e-100	331
P30314.2	P00581.1	17.514	708	486	21	223	868	30	701	1.38e-99	330
P30314.2	Q12704.2	15.926	540	381	13	368	859	416	930	8.51e-98	332
P30314.2	A0FLQ6.3	23.133	415	278	11	462	871	1225	1603	1.10e-96	337
P30314.2	P20311.1	17.118	701	483	21	231	869	38	702	1.37e-96	322
P30314.2	Q9Y767.2	14.308	629	432	24	293	858	398	982	2.19e-88	312
P30314.2	P15801.3	11.654	635	467	18	296	857	319	932	5.39e-87	306
P30314.2	Q27607.2	11.462	759	497	23	185	859	414	1081	1.34e-75	272
P30314.2	P06225.1	13.861	707	444	22	222	846	11	634	8.10e-66	236
P30314.2	B0FIL5.1	12.891	512	356	14	426	870	125	613	1.19e-62	227
P30314.2	P09155.1	8.616	383	307	9	199	572	1	349	3.78e-56	201
P30314.2	Q96YD0.1	30.055	183	119	2	8	181	19	201	4.21e-55	193
P30314.2	Q9T1Q3.1	15.714	560	356	17	238	754	25	511	1.98e-53	205
P30314.2	O28007.1	31.868	182	114	3	8	180	19	199	6.08e-53	186
P30314.2	Q97WF1.1	33.714	175	107	2	8	173	19	193	8.78e-52	183
P30314.2	Q5SKC5.1	37.989	179	103	4	8	179	18	195	1.94e-49	176
P30314.2	Q9WYY1.1	33.529	170	107	4	8	172	23	191	2.43e-49	176
P30314.2	Q01780.2	12.195	410	324	12	135	534	218	601	3.16e-49	191
P30314.2	P56960.2	11.707	410	326	12	135	534	218	601	1.19e-48	190
P30314.2	C9XUE4.2	9.524	378	299	9	203	571	1	344	4.46e-48	178
P30314.2	Q8ZYS2.1	29.940	167	107	4	8	165	18	183	1.13e-47	171
P30314.2	D4A1X2.2	11.463	410	327	12	135	534	218	601	2.94e-47	185
P30314.2	A0KXU5.1	9.620	395	311	9	189	574	12	369	5.81e-47	176
P30314.2	C6C608.2	8.355	383	308	9	199	572	1	349	2.79e-44	168
P30314.2	B8EN54.2	9.014	355	289	7	203	552	3	328	1.27e-43	166
P30314.2	Q10146.2	9.874	476	384	16	56	513	49	497	1.90e-42	170
P30314.2	A8GFH0.2	12.963	378	286	9	199	567	1	344	4.53e-42	161
P30314.2	Q6G329.1	10.526	399	313	9	185	572	8	373	1.51e-41	161
P30314.2	Q0BVP4.2	10.221	362	289	8	199	553	10	342	4.53e-41	159
P30314.2	P44442.1	10.101	396	300	9	196	561	25	394	1.18e-40	158
P30314.2	Q12149.1	10.569	492	386	12	125	580	105	578	1.38e-39	161
P30314.2	G5EBX6.1	9.032	465	377	13	92	526	131	579	2.01e-39	161
P30314.2	Q9CC91.1	19.355	186	121	8	11	168	45	229	5.20e-39	148
P30314.2	A7HYE5.2	10.877	285	221	6	202	484	2	255	1.42e-38	151
P30314.2	A9H9B7.1	9.471	359	286	8	203	553	14	341	6.05e-38	149
P30314.2	Q9VFF3.3	12.352	421	326	12	130	537	188	578	6.41e-38	156
P30314.2	Q8ZXE0.1	22.500	160	106	6	9	151	45	203	6.98e-38	144
P30314.2	Q1QLI8.2	10.112	356	286	8	202	552	2	328	7.50e-38	149
P30314.2	P64786.1	19.355	186	121	8	11	168	83	267	1.19e-37	145
P30314.2	D4Z694.2	11.307	283	221	6	203	484	6	259	4.69e-36	144
P30314.2	Q0WVE8.1	13.483	445	312	13	153	554	11	425	5.38e-36	148
P30314.2	Q5NPM2.1	13.194	288	216	7	203	487	6	262	6.18e-36	144
P30314.2	A5G127.1	11.732	358	279	9	203	553	12	339	1.36e-35	143
P30314.2	Q5SJ65.1	20.879	182	122	8	11	171	38	218	1.62e-35	137
P30314.2	A1SVE6.1	10.309	388	296	13	199	574	1	348	4.72e-34	138
P30314.2	Q28RA7.1	9.704	371	303	9	204	567	5	350	6.96e-33	134
P30314.2	A6V8R6.2	11.024	381	303	8	199	574	6	355	9.19e-33	134
P30314.2	A9LLI7.1	10.302	398	311	12	158	553	216	569	3.36e-32	138
P30314.2	Q6AJF4.1	9.845	386	304	12	199	573	2	354	1.19e-30	128
P30314.2	Q5GZ75.2	11.781	365	271	12	203	556	4	328	5.56e-29	123
P30314.2	O68770.2	19.205	151	119	2	23	171	1025	1174	1.32e-26	121
P30314.2	A9LLI8.1	10.112	267	209	8	139	401	55	294	1.04e-25	117
P30314.2	Q8NHP7.4	10.065	308	255	7	249	540	110	411	2.12e-22	105
P30314.2	O09053.3	11.364	440	339	11	176	577	5	431	6.23e-22	106
P30314.2	O93530.1	12.335	227	180	5	176	390	3	222	4.29e-21	103
P30314.2	Q8N9H8.3	12.355	259	206	7	146	392	320	569	5.45e-18	93.0
P30314.2	Q8CDF7.1	14.286	224	170	8	249	454	167	386	2.22e-14	80.6
P30314.2	Q6NRD5.1	10.411	365	304	9	149	491	26	389	7.60e-10	65.6
P30314.2	Q9VGN7.2	8.108	333	277	10	174	501	31	339	2.22e-07	58.3
P30314.2	Q8VEG4.2	7.163	349	284	10	185	510	75	406	3.23e-07	57.9
P30314.2	Q9NVH0.2	8.434	249	200	8	157	390	23	258	7.87e-07	56.4
P30314.2	Q84LH3.1	10.204	245	197	6	150	392	58	281	2.86e-06	53.7
P30314.2	B4PLB3.1	10.036	279	214	7	135	405	79	328	9.22e-06	52.5
P30314.2	Q0P3U3.1	15.625	96	74	3	244	333	139	233	9.73e-06	52.5
P30314.2	B4I298.2	10.284	282	216	7	132	405	76	328	2.05e-05	51.4
P30314.2	B4QUF6.1	10.284	282	216	7	132	405	76	328	2.26e-05	51.4
P30314.2	Q9VE86.2	10.469	277	211	7	137	405	80	327	2.31e-05	51.4
P30314.2	Q1RJM1.1	13.306	248	162	5	225	446	9	229	2.49e-05	50.2
P30314.2	Q9VIF1.1	12.500	168	118	6	249	394	442	602	3.76e-05	51.0
P30314.2	H9IUR0.2	14.218	211	173	5	192	395	65	274	4.05e-05	50.2
P30314.2	B3NZ68.1	10.284	282	216	7	132	405	76	328	5.93e-05	49.8
P30314.2	B4N9D3.2	10.035	289	224	7	112	392	57	317	6.58e-05	49.8
P30314.2	Q17902.2	10.502	219	159	8	186	393	292	484	9.10e-05	49.8
P30314.2	Q92GL1.1	16.667	144	93	4	225	343	9	150	2.16e-04	47.1
P30314.2	Q68W16.1	17.361	144	92	3	225	343	9	150	3.41e-04	46.7
P30314.2	Q299L3.2	10.662	272	207	7	133	396	78	321	3.99e-04	47.1
P30314.2	B4G5C9.2	10.623	273	208	7	132	396	76	320	4.78e-04	47.1
P30314.2	B3LWP6.2	10.879	239	176	7	166	396	111	320	5.31e-04	46.7
P30314.2	P34607.1	9.626	374	305	10	188	548	397	750	5.56e-04	47.5
P30314.2	P45443.1	9.880	334	268	9	278	580	372	703	0.001	46.4
P30314.2	Q4UN31.1	16.667	144	93	4	225	343	9	150	0.001	44.8
P30314.2	B4JF25.1	8.560	257	205	8	151	392	51	292	0.002	44.8
P30314.2	Q9ZCJ9.1	17.361	144	92	3	225	343	9	150	0.003	44.0
P30314.2	B4K934.1	11.111	189	149	5	246	422	143	324	0.004	44.0
P30314.2	B4M401.2	12.422	322	237	10	116	422	34	325	0.005	43.7
P30314.2	Q819Y5.1	12.291	179	147	5	203	374	415	590	0.018	42.9
P30314.2	Q49X49.1	11.698	530	413	14	42	540	275	780	0.026	42.1
P30314.2	Q895K2.1	12.464	345	256	12	49	360	237	568	0.028	42.1
P30314.2	A5IJJ8.1	22.105	95	68	2	262	352	413	505	0.030	42.1
# PSIBLAST 2.17.0+
# Iteration: 6
# Query: P30314.2 RecName: Full=DNA polymerase [Bacillus phage SPO1]
# Database: /home/VMAULES/ruizven2/bioinfo/practicas/data/swissprot
# Fields: query acc.ver, subject acc.ver, % identity, alignment length, mismatches, gap opens, q. start, q. end, s. start, s. end, evalue, bit score
# 160 hits found
P30314.2	P30314.2	100.000	924	0	0	1	924	1	924	0.0	829
P30314.2	P43741.1	21.246	899	566	20	34	870	111	929	0.0	625
P30314.2	P00582.1	23.198	888	549	21	34	870	122	927	0.0	624
P30314.2	Q9HT80.1	22.477	872	563	21	34	870	119	912	0.0	620
P30314.2	Q9F173.2	22.748	888	553	21	34	870	122	927	0.0	618
P30314.2	Q9RAA9.1	19.643	896	586	21	29	869	104	920	0.0	609
P30314.2	Q92GB7.1	19.292	876	566	19	29	869	104	873	0.0	607
P30314.2	Q9RLB6.1	19.441	895	588	21	29	869	104	919	0.0	596
P30314.2	P52026.2	20.968	868	556	19	35	871	108	876	0.0	591
P30314.2	Q9RLA0.1	18.493	876	570	19	29	869	104	870	0.0	588
P30314.2	O34996.1	21.114	862	564	18	35	871	110	880	0.0	586
P30314.2	O05949.1	19.288	871	564	19	29	869	104	865	0.0	579
P30314.2	O32801.2	22.054	857	563	21	31	871	110	877	0.0	576
P30314.2	Q1RH76.1	18.721	876	567	19	29	869	104	869	0.0	575
P30314.2	P59199.1	21.059	850	573	20	35	871	113	877	0.0	575
P30314.2	P59200.1	21.194	854	575	20	31	871	109	877	0.0	574
P30314.2	Q04957.1	21.191	873	557	20	31	871	104	877	0.0	571
P30314.2	Q9CDS1.1	21.187	859	568	22	31	871	110	877	0.0	569
P30314.2	P46835.1	17.957	891	589	20	26	870	115	909	0.0	566
P30314.2	P30313.1	21.901	831	529	20	80	872	83	831	0.0	563
P30314.2	Q59156.2	20.985	853	562	18	29	871	100	850	0.0	561
P30314.2	O08307.1	19.824	908	579	20	32	869	107	935	0.0	561
P30314.2	P52028.2	21.969	833	527	21	80	872	85	834	0.0	553
P30314.2	P19821.1	21.300	831	534	20	80	872	84	832	0.0	552
P30314.2	P80194.2	21.729	833	529	21	80	872	85	834	0.0	551
P30314.2	O52225.1	21.369	833	532	22	80	872	83	832	4.45e-180	545
P30314.2	P0A551.1	16.742	884	601	19	27	870	114	902	1.45e-179	545
P30314.2	P74933.2	21.813	706	438	12	200	870	370	996	2.66e-176	540
P30314.2	Q55971.1	19.552	803	529	19	96	871	274	986	2.74e-176	540
P30314.2	O51498.1	19.355	899	591	18	19	869	94	906	6.69e-175	534
P30314.2	Q9S1G2.1	24.748	695	425	17	200	870	395	1015	2.15e-173	533
P30314.2	Q6Z4T5.1	16.629	884	585	19	121	871	169	1033	2.27e-168	520
P30314.2	Q84ND9.1	17.039	939	596	24	78	871	134	1034	1.24e-167	519
P30314.2	P52027.2	17.726	897	597	21	30	871	146	956	3.03e-166	513
P30314.2	Q6Z4T3.1	15.955	890	590	19	121	871	165	1035	6.20e-164	509
P30314.2	F4I6M1.1	17.544	855	543	22	156	871	219	1050	2.62e-158	495
P30314.2	P56105.2	19.305	777	516	22	99	872	223	891	4.67e-147	461
P30314.2	Q9ZJE9.1	19.330	776	523	21	99	872	223	897	1.14e-145	457
P30314.2	O75417.2	15.367	885	551	18	121	875	1774	2590	1.18e-136	455
P30314.2	Q7TQ07.2	19.195	646	436	15	249	871	273	855	1.63e-136	432
P30314.2	P19822.3	22.569	802	500	18	105	866	60	780	4.19e-134	426
P30314.2	Q8CGS6.2	15.821	847	517	16	154	875	1769	2544	8.59e-134	447
P30314.2	Q7Z5Q5.2	19.545	660	440	17	236	870	262	855	1.90e-133	425
P30314.2	P54099.3	13.299	782	516	23	185	859	430	1156	2.69e-131	428
P30314.2	Q9QYV8.1	12.500	864	586	25	108	859	349	1154	8.67e-130	423
P30314.2	O18475.1	18.885	646	438	14	243	875	1487	2059	5.25e-127	426
P30314.2	P54098.1	12.899	783	522	23	185	859	447	1177	6.14e-126	413
P30314.2	Q588V7.1	17.456	739	468	16	213	870	1471	2148	7.63e-119	403
P30314.2	A0A2L0V166.1	18.026	699	450	24	216	874	6	621	1.61e-114	367
P30314.2	A0A2H5BHJ5.1	19.281	695	444	25	218	875	7	621	4.45e-114	366
P30314.2	Q91684.1	11.902	773	538	23	184	859	420	1146	9.00e-113	377
P30314.2	O67779.1	22.303	686	401	19	199	867	1	571	1.54e-109	352
P30314.2	O64235.1	18.694	674	419	20	224	874	39	606	5.29e-109	352
P30314.2	Q8ILY1.1	20.240	751	487	20	129	869	1366	2014	4.83e-107	368
P30314.2	Q92076.1	11.962	627	420	16	321	859	8	590	2.02e-106	346
P30314.2	Q05254.1	17.788	669	419	20	224	874	39	594	2.02e-105	342
P30314.2	Q01941.1	12.651	664	491	19	258	858	265	902	3.50e-105	352
P30314.2	G3FFN8.1	16.525	708	445	24	216	872	16	628	8.35e-99	326
P30314.2	P00581.1	16.997	706	492	19	223	868	30	701	1.14e-98	327
P30314.2	P0DTK4.1	15.691	752	467	26	195	874	3	659	5.80e-97	322
P30314.2	P20311.1	15.761	736	521	20	199	869	1	702	2.40e-96	321
P30314.2	Q12704.2	15.926	540	381	13	368	859	416	930	6.33e-96	327
P30314.2	P15801.3	11.496	635	468	17	296	857	319	932	1.54e-95	330
P30314.2	A0FLQ6.3	23.133	415	278	11	462	871	1225	1603	2.17e-95	333
P30314.2	Q27607.2	11.462	759	497	23	185	859	414	1081	2.82e-88	308
P30314.2	Q9Y767.2	13.990	629	434	23	293	858	398	982	8.61e-85	301
P30314.2	B0FIL5.1	12.891	512	356	14	426	870	125	613	3.53e-63	228
P30314.2	P06225.1	13.579	707	446	21	222	846	11	634	4.95e-62	225
P30314.2	P09155.1	8.877	383	306	9	199	572	1	349	1.27e-56	203
P30314.2	Q0BVP4.2	9.945	362	290	7	199	553	10	342	9.78e-51	186
P30314.2	Q96YD0.1	30.055	183	119	2	8	181	19	201	2.99e-50	179
P30314.2	Q9T1Q3.1	15.330	561	357	17	238	754	25	511	4.03e-50	195
P30314.2	C9XUE4.2	9.788	378	298	9	203	571	1	344	6.49e-50	183
P30314.2	O28007.1	31.868	182	114	3	8	180	19	199	6.14e-49	175
P30314.2	A0KXU5.1	9.367	395	312	9	189	574	12	369	6.76e-49	181
P30314.2	B8EN54.2	9.014	355	289	7	203	552	3	328	4.57e-47	176
P30314.2	A9H9B7.1	9.471	359	286	8	203	553	14	341	2.00e-46	174
P30314.2	Q97WF1.1	32.787	183	113	3	8	181	19	200	4.13e-46	168
P30314.2	Q1QLI8.2	9.831	356	287	7	202	552	2	328	7.01e-46	172
P30314.2	C6C608.2	8.355	383	308	9	199	572	1	349	2.60e-45	170
P30314.2	Q12149.1	10.569	492	386	12	125	580	105	578	3.07e-45	178
P30314.2	Q5SKC5.1	37.222	180	105	4	8	180	18	196	3.29e-45	165
P30314.2	Q9WYY1.1	33.529	170	107	4	8	172	23	191	6.45e-45	163
P30314.2	Q6G329.1	10.526	399	313	9	185	572	8	373	1.10e-44	170
P30314.2	Q28RA7.1	9.704	371	303	9	204	567	5	350	3.87e-44	168
P30314.2	Q01780.2	12.195	410	324	12	135	534	218	601	1.44e-43	174
P30314.2	A5G127.1	10.924	357	283	7	203	553	12	339	2.37e-43	165
P30314.2	Q8ZYS2.1	29.940	167	107	4	8	165	18	183	4.55e-43	158
P30314.2	A8GFH0.2	12.698	378	287	9	199	567	1	344	4.75e-43	164
P30314.2	P56960.2	11.707	410	326	12	135	534	218	601	3.52e-42	170
P30314.2	A7HYE5.2	10.306	359	283	8	202	552	2	329	6.78e-42	161
P30314.2	D4A1X2.2	11.463	410	327	12	135	534	218	601	2.64e-41	167
P30314.2	G5EBX6.1	9.032	465	377	13	92	526	131	579	2.68e-41	167
P30314.2	A6V8R6.2	11.286	381	302	9	199	574	6	355	6.90e-41	158
P30314.2	P44442.1	9.848	396	301	9	196	561	25	394	5.31e-40	156
P30314.2	Q10146.2	10.230	479	383	15	56	515	49	499	7.60e-40	162
P30314.2	D4Z694.2	11.976	334	261	7	203	535	6	307	7.05e-39	152
P30314.2	Q5NPM2.1	12.672	363	270	9	203	552	6	334	1.95e-38	151
P30314.2	Q9VFF3.3	12.143	420	328	10	130	537	188	578	4.97e-38	157
P30314.2	O09053.3	11.287	443	342	11	173	577	2	431	1.88e-36	153
P30314.2	Q0WVE8.1	12.583	453	345	13	105	554	21	425	1.78e-34	144
P30314.2	A1SVE6.1	10.309	388	296	13	199	574	1	348	3.80e-34	138
P30314.2	Q8ZXE0.1	22.500	160	106	6	9	151	45	203	5.05e-34	133
P30314.2	Q6AJF4.1	9.948	382	308	10	199	573	2	354	1.31e-33	136
P30314.2	Q9CC91.1	19.355	186	121	8	11	168	45	229	2.21e-33	131
P30314.2	A9LLI7.1	10.337	416	327	12	137	550	195	566	3.39e-33	141
P30314.2	P64786.1	19.251	187	126	8	11	173	83	268	3.33e-32	129
P30314.2	Q5SJ65.1	20.879	182	122	8	11	171	38	218	1.02e-31	126
P30314.2	Q5GZ75.2	11.653	369	275	12	203	560	4	332	2.75e-30	126
P30314.2	A9LLI8.1	10.112	267	209	8	139	401	55	294	4.81e-29	128
P30314.2	B4N9D3.2	9.603	302	237	7	112	405	57	330	7.18e-28	119
P30314.2	Q9VGN7.2	8.108	333	277	10	174	501	31	339	3.86e-27	121
P30314.2	O93530.1	12.227	229	182	5	175	391	2	223	2.36e-26	120
P30314.2	Q6NRD5.1	10.383	366	305	9	148	491	25	389	4.61e-26	116
P30314.2	B4PLB3.1	10.036	279	214	7	135	405	79	328	9.79e-26	113
P30314.2	B3NZ68.1	11.272	346	261	11	69	405	20	328	3.01e-25	111
P30314.2	Q299L3.2	11.182	313	239	9	92	396	40	321	3.09e-25	111
P30314.2	B4G5C9.2	10.623	273	208	7	132	396	76	320	3.30e-25	111
P30314.2	B4I298.2	10.284	282	216	7	132	405	76	328	4.18e-25	111
P30314.2	B4QUF6.1	10.284	282	216	7	132	405	76	328	4.90e-25	111
P30314.2	Q14191.2	11.598	388	311	10	178	541	12	391	8.21e-25	115
P30314.2	Q9VE86.2	10.469	277	211	7	137	405	80	327	1.51e-24	109
P30314.2	Q8NHP7.4	11.039	308	252	8	249	540	110	411	2.08e-23	108
P30314.2	P34607.1	9.926	403	330	10	159	548	368	750	2.72e-23	110
P30314.2	O68770.2	19.205	151	119	2	23	171	1025	1174	8.33e-23	108
P30314.2	B3LWP6.2	11.326	362	272	12	56	405	5	329	1.09e-22	104
P30314.2	B4K934.1	9.783	276	213	7	138	405	56	303	1.25e-22	103
P30314.2	B4JF25.1	10.333	300	232	8	114	405	35	305	2.57e-22	102
P30314.2	B4M401.2	10.702	299	230	8	116	405	34	304	5.86e-22	101
P30314.2	Q8VEG4.2	7.163	349	284	10	185	510	75	406	7.46e-22	104
P30314.2	Q84LH3.1	9.960	251	203	6	144	392	52	281	3.37e-21	98.4
P30314.2	Q9NVH0.2	8.311	373	305	11	157	510	23	377	8.33e-20	98.4
P30314.2	Q8CDF7.1	9.722	360	296	10	129	461	37	394	9.86e-19	94.5
P30314.2	Q8N9H8.3	10.692	318	252	10	146	449	320	619	2.89e-18	93.8
P30314.2	H9IUR0.2	14.218	211	173	5	192	395	65	274	5.12e-15	80.7
P30314.2	Q1RJM1.1	12.955	247	164	4	225	446	9	229	1.37e-14	77.6
P30314.2	Q17902.2	10.502	219	159	8	186	393	292	484	4.41e-12	73.3
P30314.2	Q68W16.1	12.955	247	164	4	225	446	9	229	1.52e-11	68.7
P30314.2	Q9VIF1.1	10.268	224	156	7	193	394	402	602	3.48e-11	70.6
P30314.2	Q9ZCJ9.1	13.710	248	161	6	225	446	9	229	1.53e-10	65.6
P30314.2	O67550.1	9.040	177	148	5	29	193	101	276	5.03e-10	64.9
P30314.2	Q92GL1.1	10.931	247	166	5	225	443	9	229	6.18e-10	63.7
P30314.2	Q4UN31.1	11.345	238	160	4	225	437	9	220	7.20e-10	63.7
P30314.2	Q0P3U3.1	12.587	143	106	5	244	368	139	280	5.77e-08	59.5
P30314.2	Q179T2.1	8.854	384	309	13	50	411	287	651	6.98e-08	60.2
P30314.2	Q9VU31.1	13.366	202	165	6	193	389	11	207	5.77e-04	46.4
P30314.2	P34603.2	8.727	275	234	7	127	391	350	617	8.60e-04	46.8
P30314.2	A5IJJ8.1	13.687	358	271	9	19	352	162	505	8.72e-04	47.1
P30314.2	Q895K2.1	11.656	326	249	9	49	345	237	552	0.001	46.8
P30314.2	Q89AN3.1	15.464	97	72	2	252	340	58	152	0.002	44.8
P30314.2	Q08880.2	10.843	166	130	3	258	407	64	227	0.002	44.1
P30314.2	B0VXE6.1	10.992	373	285	8	223	583	491	828	0.007	44.1
P30314.2	B0CM26.1	12.401	379	289	7	214	583	484	828	0.010	43.3
P30314.2	P45443.1	10.210	333	268	9	278	580	372	703	0.012	43.3
P30314.2	P57337.1	15.556	90	67	2	258	340	63	150	0.013	41.8
P30314.2	O27276.1	17.164	268	191	8	156	392	98	365	0.019	42.5
P30314.2	O68045.1	14.198	162	115	4	196	335	484	643	0.023	42.1
P30314.2	A5D8W1.3	10.963	374	286	8	222	583	490	828	0.026	42.1
P30314.2	P13267.2	13.218	174	140	5	209	374	422	592	0.041	41.4
P30314.2	Q9ZHF6.1	12.849	358	274	9	19	352	162	505	0.050	41.4
# PSIBLAST 2.17.0+
# Iteration: 7
# Query: P30314.2 RecName: Full=DNA polymerase [Bacillus phage SPO1]
# Database: /home/VMAULES/ruizven2/bioinfo/practicas/data/swissprot
# Fields: query acc.ver, subject acc.ver, % identity, alignment length, mismatches, gap opens, q. start, q. end, s. start, s. end, evalue, bit score
# 181 hits found
P30314.2	P30314.2	100.000	924	0	0	1	924	1	924	0.0	795
P30314.2	P43741.1	21.111	900	568	20	33	870	110	929	0.0	634
P30314.2	P00582.1	23.068	893	555	19	34	870	111	927	0.0	632
P30314.2	Q9HT80.1	21.734	888	563	17	33	870	107	912	0.0	631
P30314.2	Q9F173.2	22.732	893	558	19	34	870	111	927	0.0	627
P30314.2	Q9RAA9.1	19.754	896	585	21	29	869	104	920	0.0	613
P30314.2	Q92GB7.1	19.406	876	565	19	29	869	104	873	0.0	605
P30314.2	O34996.1	21.132	866	567	18	31	871	106	880	0.0	601
P30314.2	Q9RLB6.1	19.441	895	588	21	29	869	104	919	0.0	601
P30314.2	P52026.2	20.986	872	559	19	31	871	104	876	0.0	599
P30314.2	O08307.1	19.714	908	580	19	32	869	107	935	0.0	593
P30314.2	P59200.1	21.311	854	574	20	31	871	109	877	0.0	591
P30314.2	P59199.1	21.084	849	574	19	35	871	113	877	0.0	591
P30314.2	O32801.2	22.079	856	564	19	31	871	110	877	0.0	584
P30314.2	Q04957.1	21.191	873	557	20	31	871	104	877	0.0	583
P30314.2	Q9RLA0.1	18.493	876	570	19	29	869	104	870	0.0	581
P30314.2	Q9CDS1.1	21.212	858	569	20	31	871	110	877	0.0	581
P30314.2	O05949.1	19.288	871	564	19	29	869	104	865	0.0	573
P30314.2	Q1RH76.1	18.836	876	566	19	29	869	104	869	0.0	572
P30314.2	Q59156.2	20.868	853	563	18	29	871	100	850	0.0	572
P30314.2	P46835.1	17.957	891	589	20	26	870	115	909	0.0	569
P30314.2	P0A551.1	17.986	884	590	19	27	870	114	902	0.0	566
P30314.2	P52028.2	20.513	858	532	17	30	872	112	834	0.0	557
P30314.2	O52225.1	19.861	861	540	18	27	872	107	832	0.0	557
P30314.2	P80194.2	20.047	858	536	17	30	872	112	834	0.0	555
P30314.2	O51498.1	19.154	898	594	17	19	869	94	906	0.0	552
P30314.2	P30313.1	21.901	831	529	20	80	872	83	831	0.0	548
P30314.2	P19821.1	21.300	831	534	20	80	872	84	832	1.43e-176	535
P30314.2	P74933.2	21.813	706	438	12	200	870	370	996	2.22e-175	538
P30314.2	P74933.2	5.941	101	90	1	27	127	104	199	1.45e-05	52.5
P30314.2	Q55971.1	19.552	803	529	19	96	871	274	986	3.62e-172	529
P30314.2	Q9S1G2.1	24.534	697	428	17	198	870	393	1015	1.03e-171	529
P30314.2	P52027.2	17.483	898	598	21	30	871	146	956	2.44e-170	523
P30314.2	Q84ND9.1	17.003	941	598	24	76	871	132	1034	2.70e-160	500
P30314.2	Q6Z4T5.1	16.855	884	583	19	121	871	169	1033	3.75e-154	483
P30314.2	F4I6M1.1	17.544	855	543	22	156	871	219	1050	5.34e-152	478
P30314.2	Q6Z4T3.1	15.955	890	590	17	121	871	165	1035	1.78e-147	466
P30314.2	P56105.2	17.288	885	582	22	31	872	114	891	6.38e-146	458
P30314.2	Q9ZJE9.1	17.021	893	581	23	31	872	114	897	1.39e-143	452
P30314.2	P54099.3	12.731	864	585	26	108	859	350	1156	4.20e-137	443
P30314.2	Q9QYV8.1	12.731	864	584	26	108	859	349	1154	5.68e-135	437
P30314.2	O75417.2	15.367	885	551	18	121	875	1774	2590	3.50e-132	442
P30314.2	Q7TQ07.2	18.885	646	438	15	249	871	273	855	9.39e-132	420
P30314.2	Q8CGS6.2	15.783	849	519	16	152	875	1767	2544	6.97e-131	438
P30314.2	P54098.1	12.370	865	591	26	108	859	367	1177	1.20e-130	426
P30314.2	Q7Z5Q5.2	19.394	660	439	17	236	870	264	855	1.05e-129	415
P30314.2	P19822.3	21.336	853	532	19	54	866	27	780	1.38e-129	414
P30314.2	O18475.1	18.885	646	438	14	243	875	1487	2059	2.19e-125	421
P30314.2	Q588V7.1	17.385	742	471	16	210	870	1468	2148	4.47e-117	398
P30314.2	Q91684.1	11.593	854	605	26	108	859	341	1146	3.88e-115	383
P30314.2	A0A2H5BHJ5.1	18.993	695	446	25	218	875	7	621	7.59e-113	363
P30314.2	A0A2L0V166.1	17.883	699	451	24	216	874	6	621	1.44e-112	362
P30314.2	P20311.1	15.761	736	521	20	199	869	1	702	2.50e-111	361
P30314.2	P00581.1	16.190	735	517	20	199	868	1	701	9.92e-110	357
P30314.2	Q8ILY1.1	20.240	751	487	20	129	869	1366	2014	7.48e-109	373
P30314.2	O64235.1	18.651	697	436	21	201	874	18	606	7.73e-108	349
P30314.2	O67779.1	22.741	686	398	20	199	867	1	571	9.35e-108	347
P30314.2	Q01941.1	12.651	664	491	19	258	858	265	902	1.12e-105	354
P30314.2	Q92076.1	11.962	627	420	16	321	859	8	590	7.58e-105	342
P30314.2	Q05254.1	17.788	669	419	20	224	874	39	594	1.79e-103	337
P30314.2	G3FFN8.1	16.384	708	446	24	216	872	16	628	3.12e-97	321
P30314.2	P0DTK4.1	15.650	754	469	26	193	874	1	659	6.73e-96	319
P30314.2	Q12704.2	15.926	540	381	13	368	859	416	930	5.15e-95	325
P30314.2	P15801.3	11.496	635	468	17	296	857	319	932	3.10e-94	327
P30314.2	A0FLQ6.3	23.133	415	278	11	462	871	1225	1603	8.06e-94	328
P30314.2	Q27607.2	11.164	842	562	27	109	859	335	1081	1.23e-86	304
P30314.2	Q9Y767.2	13.898	626	438	22	293	858	398	982	4.23e-85	302
P30314.2	B0FIL5.1	12.745	510	359	13	426	870	125	613	1.19e-62	226
P30314.2	P06225.1	13.579	707	446	21	222	846	11	634	6.74e-60	219
P30314.2	P09155.1	8.877	383	306	9	199	572	1	349	1.41e-56	203
P30314.2	Q0BVP4.2	9.867	375	302	7	199	566	10	355	7.98e-53	193
P30314.2	Q9T1Q3.1	15.508	561	356	17	238	754	25	511	7.01e-50	194
P30314.2	C9XUE4.2	9.788	378	298	9	203	571	1	344	4.03e-49	181
P30314.2	A9H9B7.1	9.471	359	286	8	203	553	14	341	1.37e-48	180
P30314.2	A0KXU5.1	9.415	393	311	8	191	574	13	369	2.16e-48	180
P30314.2	B8EN54.2	9.014	355	289	7	203	552	3	328	6.43e-48	179
P30314.2	Q1QLI8.2	9.831	356	287	7	202	552	2	328	6.11e-47	175
P30314.2	A5G127.1	10.924	357	283	7	203	553	12	339	6.63e-46	173
P30314.2	Q28RA7.1	9.920	373	304	9	202	567	3	350	8.71e-46	172
P30314.2	A7HYE5.2	10.306	359	283	8	202	552	2	329	9.60e-46	172
P30314.2	C6C608.2	8.355	383	308	9	199	572	1	349	1.84e-45	171
P30314.2	Q01780.2	12.195	410	324	12	135	534	218	601	2.26e-44	176
P30314.2	Q12149.1	10.366	492	387	11	125	580	105	578	5.19e-44	174
P30314.2	Q6G329.1	10.526	399	313	9	185	572	8	373	5.83e-44	168
P30314.2	Q96YD0.1	30.055	183	119	2	8	181	19	201	1.84e-43	160
P30314.2	A8GFH0.2	12.698	378	287	9	199	567	1	344	8.26e-43	163
P30314.2	Q5NPM2.1	12.397	363	271	9	203	552	6	334	9.39e-43	163
P30314.2	P56960.2	11.707	410	326	12	135	534	218	601	2.56e-42	170
P30314.2	O28007.1	31.868	182	114	3	8	180	19	199	3.14e-42	156
P30314.2	D4Z694.2	11.976	334	261	7	203	535	6	307	3.42e-42	162
P30314.2	D4A1X2.2	11.463	410	327	12	135	534	218	601	4.64e-42	169
P30314.2	A6V8R6.2	11.257	382	303	9	198	574	5	355	6.71e-42	161
P30314.2	Q0WVE8.1	12.583	453	345	13	105	554	21	425	1.68e-41	165
P30314.2	Q9WYY1.1	33.529	170	107	4	8	172	23	191	4.00e-41	152
P30314.2	Q97WF1.1	32.787	183	113	3	8	181	19	200	2.37e-40	151
P30314.2	P44442.1	9.606	406	311	9	186	561	15	394	2.43e-40	157
P30314.2	O09053.3	11.287	443	342	11	173	577	2	431	1.18e-39	163
P30314.2	G5EBX6.1	9.032	465	377	13	92	526	131	579	1.46e-39	161
P30314.2	Q5SKC5.1	37.222	180	105	4	8	180	18	196	1.59e-39	148
P30314.2	Q10146.2	10.359	502	403	15	33	515	26	499	3.11e-39	160
P30314.2	Q9VFF3.3	12.143	420	328	10	130	537	188	578	5.77e-39	160
P30314.2	B3NZ68.1	10.983	346	262	11	69	405	20	328	4.61e-38	149
P30314.2	Q299L3.2	11.437	341	260	10	73	405	24	330	7.61e-38	148
P30314.2	B3LWP6.2	11.050	362	273	12	56	405	5	329	8.50e-38	148
P30314.2	Q14191.2	11.364	396	319	10	170	541	4	391	5.93e-37	154
P30314.2	B4N9D3.2	9.735	339	266	9	75	405	24	330	6.22e-37	146
P30314.2	Q8ZYS2.1	30.120	166	106	4	8	164	18	182	7.41e-37	140
P30314.2	B4G5C9.2	11.988	342	258	11	72	405	23	329	2.34e-36	144
P30314.2	B4PLB3.1	10.116	346	263	11	70	405	21	328	3.69e-36	143
P30314.2	A9LLI7.1	10.393	433	339	13	120	550	181	566	1.01e-35	149
P30314.2	B4QUF6.1	10.725	345	262	11	70	405	21	328	3.09e-35	141
P30314.2	Q6AJF4.1	9.162	382	311	10	199	573	2	354	7.32e-35	140
P30314.2	B4I298.2	10.264	341	261	10	73	405	25	328	8.19e-35	139
P30314.2	Q9VE86.2	10.234	342	261	10	72	405	24	327	1.53e-34	139
P30314.2	A1SVE6.1	10.052	388	297	13	199	574	1	348	2.68e-33	135
P30314.2	B4JF25.1	10.334	329	258	8	96	416	17	316	5.66e-33	133
P30314.2	B4K934.1	9.524	294	228	8	120	405	40	303	2.03e-32	132
P30314.2	B4M401.2	10.561	303	234	8	112	405	30	304	9.62e-32	130
P30314.2	Q5GZ75.2	11.622	370	276	12	202	560	3	332	7.10e-30	125
P30314.2	Q8ZXE0.1	21.547	181	123	7	9	171	45	224	1.26e-29	121
P30314.2	Q9CC91.1	18.817	186	126	8	11	172	45	229	1.89e-29	120
P30314.2	Q179T2.1	8.854	384	309	13	50	411	287	651	2.72e-29	128
P30314.2	A9LLI8.1	9.138	383	297	11	139	497	55	410	5.38e-29	128
P30314.2	P64786.1	19.251	187	126	8	11	173	83	268	6.56e-28	117
P30314.2	Q8CDF7.1	9.945	362	297	10	127	461	35	394	1.51e-27	122
P30314.2	Q6NRD5.1	10.383	366	305	9	148	491	25	389	3.41e-27	119
P30314.2	Q5SJ65.1	21.429	182	121	8	11	171	38	218	8.51e-27	112
P30314.2	O93530.1	12.281	228	181	5	176	391	3	223	9.21e-27	121
P30314.2	P34607.1	9.926	403	330	10	159	548	368	750	2.34e-26	119
P30314.2	Q9VGN7.2	8.284	338	281	10	169	501	26	339	4.03e-26	117
P30314.2	A5IJJ8.1	13.687	358	271	9	19	352	162	505	1.37e-25	118
P30314.2	Q8NHP7.4	11.039	308	252	8	249	540	110	411	1.88e-25	114
P30314.2	Q9NVH0.2	8.311	373	305	11	157	510	23	377	2.39e-22	106
P30314.2	Q8VEG4.2	7.163	349	284	10	185	510	75	406	3.46e-22	106
P30314.2	Q9ZHF6.1	12.849	358	274	9	19	352	162	505	4.56e-22	106
P30314.2	O67550.1	10.526	190	156	6	15	192	88	275	2.20e-21	98.8
P30314.2	Q84LH3.1	9.960	251	203	6	144	392	52	281	2.68e-20	95.7
P30314.2	O68770.2	19.205	151	119	2	23	171	1025	1174	6.76e-20	99.5
P30314.2	Q8N9H8.3	8.734	458	370	16	14	449	188	619	1.11e-19	98.4
P30314.2	Q1RJM1.1	12.851	249	166	4	223	446	7	229	2.39e-18	88.4
P30314.2	Q68W16.1	12.851	249	166	4	223	446	7	229	1.33e-17	86.4
P30314.2	Q9ZCJ9.1	12.851	249	166	4	223	446	7	229	1.78e-16	83.0
P30314.2	P34603.2	8.727	275	234	7	127	391	350	617	5.31e-16	86.4
P30314.2	Q9VU31.1	12.935	201	165	6	194	389	12	207	6.34e-16	82.2
P30314.2	Q92GL1.1	10.843	249	168	5	223	443	7	229	4.19e-15	79.1
P30314.2	H9IUR0.2	13.182	220	183	5	183	395	56	274	4.92e-15	80.7
P30314.2	Q4UN31.1	11.647	249	169	4	223	446	7	229	7.33e-15	78.4
P30314.2	Q9VIF1.1	8.219	219	166	6	193	394	402	602	8.82e-15	82.2
P30314.2	Q17902.2	10.390	231	168	9	186	405	292	494	3.94e-13	76.8
P30314.2	Q8K9D0.1	15.625	160	123	4	34	182	112	270	4.18e-13	74.1
P30314.2	P57506.1	13.218	174	128	5	33	184	111	283	7.81e-13	73.3
P30314.2	Q0P3U3.1	10.417	192	150	6	198	368	90	280	9.33e-11	68.3
P30314.2	Q89AD1.1	13.333	120	95	2	33	152	111	221	1.06e-09	64.1
P30314.2	P54161.1	6.475	139	123	4	19	157	98	229	4.55e-09	62.2
P30314.2	P75403.1	10.156	128	111	2	28	155	104	227	1.42e-07	57.6
P30314.2	Q49406.1	9.424	191	140	5	28	192	104	287	5.27e-07	56.0
P30314.2	Q9KAV6.1	11.236	178	146	4	33	207	115	283	6.40e-07	55.6
P30314.2	Q98PK2.1	7.882	203	172	6	34	236	110	297	8.80e-07	55.2
P30314.2	Q9RJ79.1	8.392	143	118	5	33	170	114	248	1.48e-06	54.5
P30314.2	Q9PQ75.1	12.069	174	145	5	29	197	105	275	1.88e-05	51.0
P30314.2	Q895K2.1	9.627	322	260	8	49	345	237	552	4.41e-05	51.4
P30314.2	A8FYJ2.1	6.135	163	143	2	33	193	100	254	1.68e-04	47.9
P30314.2	P9WNU3.1	9.615	104	85	4	32	130	119	218	1.98e-04	47.9
P30314.2	P9WNU2.1	9.615	104	85	4	32	130	119	218	2.16e-04	47.9
P30314.2	B0TPG7.1	6.757	148	128	2	36	181	103	242	2.36e-04	47.5
P30314.2	Q89AN3.1	12.925	147	97	4	223	340	8	152	3.40e-04	46.8
P30314.2	Q3ICC5.1	8.696	138	116	4	27	154	101	238	0.001	45.6
P30314.2	P57337.1	15.556	90	67	2	258	340	63	150	0.001	45.2
P30314.2	B1KQX1.1	5.660	159	140	2	35	191	102	252	0.001	45.2
P30314.2	Q08880.2	14.433	97	73	2	252	340	58	152	0.001	44.8
P30314.2	B8CS65.1	8.511	188	154	4	14	191	73	252	0.002	44.5
P30314.2	B0VXE6.1	10.992	373	285	8	223	583	491	828	0.002	45.6
P30314.2	P0A1G9.1	12.752	149	99	4	223	342	9	155	0.002	44.1
P30314.2	B0CM26.1	11.828	372	283	8	223	583	491	828	0.002	45.2
P30314.2	O68045.1	14.198	162	115	4	196	335	484	643	0.004	44.8
P30314.2	O83649.1	12.500	160	116	5	215	352	8	165	0.004	43.3
P30314.2	A8H6V6.1	7.483	147	126	2	36	180	103	241	0.006	43.3
P30314.2	P13267.2	11.602	181	137	6	215	374	414	592	0.006	44.1
P30314.2	A5D8W1.3	12.064	373	283	8	222	583	490	828	0.009	43.7
P30314.2	Q819Y5.1	10.335	358	273	11	62	374	236	590	0.009	43.7
P30314.2	P45443.1	9.843	508	416	14	111	580	200	703	0.010	43.7
# BLAST processed 7 queries
